coalPriceStart=100.8629923136
#coalPriceStart=86.300754753
#coalPriceStart=50.0
#coalPriceMin=0.96
coalPriceMin=0.9707458246
#coalPriceTop=1.00
coalPriceTop=1.0107458246
#coalPriceMax=1.04
coalPriceMax=1.0507458246	

gasPriceStart=0.3246874961
#gasPriceStart=0.2286412084
#gasPriceMin=0.95
gasPriceMin=0.9446627902
#gasPriceTop=1.01
gasPriceTop=1.0146627902
#gasPriceMax=1.07
gasPriceMax=1.0846627902

biomassPriceStart=112.5
#biomassPriceMin=0.95
biomassPriceMin=0.97
#biomassPriceTop=1.01
biomassPriceTop=1.01
#biomassPriceMax=1.05
biomassPriceMax=1.05

uraniumPriceStart=5000000
uraniumPriceMin=1.00
#uraniumPriceMax=1.02
uraniumPriceMax=1.02
#uraniumPriceTop=1.01
uraniumPriceTop=1.01

co2TaxStart=0
co2TaxIncrement=0
co2TaxDuration=5

co2CapStart=351.75e6
co2CapIncrement=-6.120624e6
#co2CapIncrement=0
co2CapDuration=1

minCo2EUPriceStart=0
minCo2EUPriceIncrement=0
minCo2PriceDuration=1

minCo2DEPriceStart=0
minCo2DEPriceIncrement=0
minCo2DEPriceDuration=1

minCo2NLPriceStart=0
minCo2NLPriceIncrement=0
minCo2NLPriceDuration=1

segment1nl=8160.778
segment2nl=8390.36
segment3nl=8961.656
segment4nl=9448.219
segment5nl=9828.25
segment6nl=10333.58
segment7nl=10887.66
segment8nl=11438.97
segment9nl=11957.73
segment10nl=12498.55
segment11nl=13155.53
segment12nl=13819.34
segment13nl=14395.3
segment14nl=14826.11
segment15nl=15221.23
segment16nl=15797.4
segment17nl=16622.16
segment18nl=17535.46
segment19nl=18179.78
segment20nl=18390.00

segment1de=35311.89
segment2de=36657.44
segment3de=40401.68
segment4de=43606.1
segment5de=45600.58
segment6de=47414.54
segment7de=49337.31
segment8de=51439.43
segment9de=53771.93
segment10de=56143.54
segment11de=58402.19
segment12de=60234.9
segment13de=61923.03
segment14de=63697.04
segment15de=65580.2
segment16de=67797.75
segment17de=71192.97
segment18de=75390.2
segment19de=77408.11
segment20de=79884

demandGrowthDEStart=1
demandGrowthDEMin=0.99
demandGrowthDETop=1.02
demandGrowthDEMax=1.05

demandGrowthNLStart=1
demandGrowthNLMin=0.99
demandGrowthNLTop=1.02
demandGrowthNLMax=1.05

startCash=3e9
priceMarkUp=1.1

co2TradingImplemented=true
simulationLength=40

interconnectorCapacity=3000

investmentFutureTimeHorizon=7
